143.9074357716
-417.3836865132
-344.3564384192
177.5947084767
-50.8270693711
-549.1344224741
24.0382463211
66.8982570678
-418.2402188789
534.9567500286
-191.9073143732
-215.2577204607
-48.4823089654
218.0909564572
186.0909677359
-198.8267147030
57.3991504603
-824.5067100258
471.2589659084
48.2565249639
-139.4539319589
384.9414133352
-161.9024278646
174.3578892788
23.5191707209
-583.0160963070
676.2953201086
18.1023984305
-627.1026810416
-248.2022897028
243.6488537806
5.8746551034
-295.7938813225
21.6705886051
244.5705315829
64.3403894147
85.5866598642
181.3899556255
166.4491519182
-454.8983182526
166.6376554659
419.3644349327
-96.2371975838
-247.4271633497
104.1520046441
136.8132229432
-202.2569874331
-185.7450644045
382.9266245585
-503.0131994902
262.5676212652
346.7678530651
392.6152042657
-142.7566996012
157.0300759321
-5.8316102900
462.8996223484
242.6687046080
298.4057445628
56.8009752571
268.6310619902
-301.3717702626
61.2390223824
62.5883282551
71.6035710502
977.9294047606
-37.8281266844
374.1994389832
44.7513778358
-12.3678939443
554.1333696099
-130.5511731538
635.8010283526
134.6840375376
380.9924054372
-641.1047448359
154.3595968456
560.2918923344
537.8060520242
-843.8999297990
263.6073771484
22.5283663326
-728.5923381656
143.2868598919
-62.0866470504
453.5235431048
173.3264574640
-247.9555979534
38.7450328568
639.0424120343
-39.9992290484
-140.9872126144
-540.7021597121
328.9752699336
152.6442491041
-254.5968865796
301.6561357938
171.8592899483
-545.7055197017
373.4523581862
-186.1403954131
964.8242591306
138.8704384871
85.9155400983
-80.1721841475
-76.6267731013
-137.9735973777
266.8734827089
-126.6571473747
-320.9786254969
131.5424009989
683.5222056672
-441.6604863812
-429.1869729461
173.2295601612
-64.7406075273
-194.7917953852
-531.8292428093
320.5930086781
194.8225143635
-234.3753003838
-130.5291132128
281.2751957258
-304.7169528997
-140.4664253617
-35.2214597178
-306.1673938494
-227.1100377781
317.1244635247
8.1020131791
-317.7696376668
-18.6525467412
-163.8505712232
156.5423310502
80.0586595784
177.1761189215
496.8275755805
-13.0601087781
-371.2030099484
396.8956421735
442.1459767473
-452.6179554315
238.0359241937
78.9279765196
-8.0990489552
-22.1890822786
830.6046178385
280.0404104584
-520.9657685113
289.7840700405
144.2737469788
371.0332123709
299.3810719660
-436.6324825662
-200.2891004683
290.6193644062
596.5729437830
118.5097418082
41.7220629642
-125.0709809408
-292.8329612274
387.5791512579
-213.2407412081
-37.0074003282
-214.3950548241
-313.9745783261
41.3140947210
140.5317685876
190.4478418527
-788.6916133575
94.4606331113
596.2024097811
299.9384174092
28.4356564314
51.6909537345
29.0689109925
-66.5051163548
-254.0284099357
-284.1034009475
117.9816837859
418.6511120492
38.0337614578
130.3146529352
516.6201790575
-16.4799019628
-186.1914485185
357.9435288977
292.0161899912
181.8598190931
170.7325317418
-96.3159717905
-10.6781916605
132.8608708363
-184.6797825081
493.5317204789
-53.5312335986
-268.8176954342
245.1506766743
-161.5185252178
124.5328162576
-97.9775842600
269.8537562785
379.6449253525
65.2762890063
108.2907605927
59.1133167976
209.9777749116
32.5066707288
-421.6787747178
-148.5657462406
66.3879085253
-356.0845980200
-140.2909156826
-157.0541513245
-622.3810799749
469.8509866778
-246.3025142197
152.2656660198
228.0771974522
381.5226727387
15.0530843516
-323.6417217627
233.5251488498
494.8058681035
-137.0421457491
310.0459018951
468.5707551087
328.1055507307
-37.1822334862
88.4628432877
23.1335376776
637.2700064723
-54.7897616183
-75.6867157976
26.6502496419
551.0078874699
-182.2741699155
-80.5430769198
70.5425221205
67.8763459442
62.3360473336
102.4992415985
-6.3556702103
-105.3111855030
-281.0003794823
99.3833249795
-441.3107625670
171.2854432686
830.3824699617
180.9825660136
-2.6252240543
234.0352537681
-159.6148460700
70.7904023115
-124.7813643135
-311.1965192929
-191.8961819285
-565.2177070880
-22.8261637774
208.7837416111
89.3483134198
-363.7373599581
217.0347686734
582.7240636197
44.3317568059
201.6080207941
-7.7197040064
304.4506419475
192.5116599889
118.0444464027
-249.1062358221
140.5452308104
-568.1505170811
-143.0920814412
-220.1155063363
-218.3402491289
96.8948828689
409.9448171538
-214.0893627775
299.1160011210
-70.2929594165
537.5454105364
768.4346012782
-677.7217223706
18.4027992494
-74.1984295745
-244.9477275877
110.4154871690
-57.8893243129
-401.5548778394
93.4588748958
10.6660128344
154.3018490095
-471.3530410619
162.9783823843
174.2294203012
-35.7670476641
40.7885203891
-422.2123992889
-559.2475465425
145.9961084778
-509.0576325489
-104.3541729181
-533.3705191909
-282.7509102823
-600.5688888570
-250.8927374945
427.9501308983
349.5459646192
130.4966494175
94.2277643503
-334.5607323848
330.3608942744
-181.6417994959
-341.9883937196
-185.8578879017
219.7042851514
-281.2172469228
-291.5871972405
-193.1311422023
-213.8440004038
-539.1649103262
319.8827051077
-71.7111675431
-158.0260975463
-63.5679537722
-34.4633960500
-138.2329243814
-202.9898276118
-838.8463376911
-232.6430859169
-80.0046633420
-401.2497430469
273.7226540292
82.9284817073
542.2313621659
496.7022461173
-118.3653157267
312.3220090973
341.1846838253
254.0700711177
5.2797424816
392.7937923055
544.1376731013
-191.1802542812
-549.6086735795
37.9547241745
170.9981441989
-56.8766154105
694.1468970588
339.8698537877
55.1531614312
-121.7748530219
-429.9305177778
-159.4617696384
-378.7163884017
310.7379505285
50.4674717547
-208.9783050932
-259.0721429854
-218.9499842287
-206.4473534948
-461.0400446327
-782.3773309035
-163.9347031752
428.5115351212
-410.2998675251
-59.8306332549
-309.5556969691
-258.6404937363
-385.0590934543
-4.1223855749
-6.7416854755
56.0617643966
-58.0282689590
346.0303868354
-806.5552177205
490.6714699408
184.3759012998
332.8356183934
-659.8851766536
460.4991733159
-6.3485813680
311.0940264332
72.2922565314
203.6200770470
-6.6664944638
198.8986814902
33.6607898139
-221.4585443736
-266.4835599837
-126.7263919259
872.8631445584
-122.4501483056
-138.6408046600
-548.0679091666
331.2314531658
475.0331915453
-335.6531062598
-146.4843205435
320.9261917738
495.2159770606
-124.1025660609
356.9050278742
580.5337806544
176.9267499521
-225.9702087652
163.0498214004
82.1743758666
-83.9130386508
-163.8883171954
-26.6686220954
-423.6147836840
-505.3181190622
-75.4030391445
266.1860303174
-154.3367855256
-435.3263129358
-291.3932392208
442.9988339858
782.5011823147
-58.4909070861
123.0957406428
-355.1471652507
15.2213884253
-70.8160435500
110.0941346954
-446.8066971237
-151.1053686013
182.5540072052
95.9683140606
-13.0024663548
-438.5998226852
-465.1133957725
543.3261653462
-228.3964308348
-27.1239219823
-4.4223778112
-275.2531417835
-356.3264953665
705.6211471508
-377.5417041606
-250.3090712603
264.3091207158
32.6351631313
46.0964836031
-357.7957175200
-170.6097627593
-162.3522248428
-187.7367152461
-76.3350560808
-282.2370713125
84.7563344175
-364.2115894539
-645.1507187269
163.9980280432
-218.4812598850
-20.5500917853
-112.3599416474
-177.2824104371
-348.9222805741
434.7495016850
-26.3042168277
206.4349991794
260.3355737216
-167.0878408274
434.5608937437
-738.7095372516
-252.4203175289
74.9398913376
228.5836649390
-306.9309483791
40.1452538155
-274.8479432434
10.5608183338
-9.8431783077
-80.0765176030
430.8237380404
41.9305307546
157.7904348278
518.9923329075
315.2825952843
87.0695280066
-461.0726048746
123.7187089089
207.2345348065
853.1936037226
-689.1684094632
-568.7897259638
-554.7826572504
66.4168140722
104.9864942966
-365.0753727224
-249.2681038830
-615.2404488001
116.2484364215
59.8228642447
463.9359358281
155.4757409938
454.2058909253
283.2243764581
-126.1764886622
-27.2393504301
-178.1849020581
221.0582196637
-30.0658937781
-58.5379836880
-132.3706755281
488.3352067981
279.5958948277
-552.4546279068
-11.3748191870
192.2649291452
87.1700111937
-254.0843308038
-207.2606552351
-431.0377965876
68.7572885807
-167.2931999489
-226.4875842091
-115.5687396148
17.5304061750
-94.3610476555
-450.7916222902
205.2864603411
-432.9536904556
-135.4610111744
155.8764156751
-507.8649536267
-248.0994490797
-233.5957784282
-213.9865171950
-443.2557602555
572.9326057991
329.0948323030
140.1796424240
-347.2891953753
262.4100490408
-98.7258903486
189.7540718575
76.5995929836
243.2911041300
318.6985593817
-126.7259181463
287.5232951189
-238.8498196743
627.1485551676
157.4060852437
79.5435423969
140.6253515256
-217.1611681951
-327.5920708596
-224.1075534555
24.2276844834
145.3744664726
-75.2759719950
476.8739947285
237.2722687668
-140.9654182059
578.5876950046
210.5334107974
73.8442616803
54.1799917372
-306.4658513527
316.9346103177
47.0594674325
-48.1766591230
-28.9205528084
-25.6255519969
154.5980939430
10.1771387466
39.7843337263
158.2507697295
69.0919105013
-75.5374261180
-20.4145976144
-28.3271723225
-22.3417627144
580.0490269637
74.1610275680
-47.3887903655
47.1233150123
50.4969614714
471.7554487720
-296.5621737358
280.0893606855
394.7267452043
-894.4448652861
-196.4494567422
-184.8114942341
98.9573843569
-126.2048247473
-322.1568650562
385.2734769040
-21.7742753896
-150.3493022083
-153.4877608094
130.0201785524
444.2622912698
714.1700694168
452.3668229244
206.0118443535
-382.1973804289
11.0007187375
-13.6764743866
501.7708105595
343.6102651669
162.6077300746
485.4526076668
471.4080771957
-124.8271449866
138.9581905354
-552.6648517455
15.0636035965
-619.1390048018
873.5532660197
309.8184618374
-468.9852633316
-86.5249310590
-103.1475029606
44.8605851928
84.9176723766
-220.7183680300
-118.2534175790
345.7348728702
